BAYES
54
3 3 2 3 3 3 2 3 2 3 3 50 2 3 2 3 2 2 3 2 50 3 3 3 3 3 50 2 2 2 50 3 2 50 3 2 3 3 3 3 3 3 3 2 2 2 2 3 3 2 2 2 2 3 
54
1	0
1	1
2	1	2
2	2	3
2	3	4
2	4	5
2	4	6
4	6	5	0	7
4	6	1	4	8
4	5	3	8	9
4	5	2	4	10
4	5	3	10	11
3	3	9	12
4	12	3	2	13
4	11	13	8	14
3	1	4	15
4	1	10	8	16
3	1	3	17
4	6	16	17	18
4	5	15	18	19
4	19	16	4	20
4	13	1	20	21
3	11	18	22
4	12	9	22	23
4	22	16	17	24
4	24	12	10	25
4	5	10	17	26
4	25	26	21	27
4	3	27	18	28
4	11	8	28	29
4	6	7	29	30
4	25	30	16	31
4	24	13	31	32
4	32	24	6	33
4	22	31	29	34
4	7	34	14	35
4	9	28	18	36
4	26	9	28	37
4	7	34	17	38
4	38	5	22	39
4	39	12	8	40
4	28	40	36	41
4	39	30	37	42
4	42	0	9	43
4	43	8	4	44
4	42	12	22	45
4	45	12	20	46
4	35	9	46	47
4	41	33	46	48
4	43	48	44	49
4	0	49	34	50
4	45	49	9	51
3	51	31	52
4	38	42	20	53

3
 0.507861 0.359974 0.132166

3
 0.404049 0.233694 0.362257

6
 0.705918 0.294082
 0.578651 0.421349
 0.292541 0.707459

6
 0.512514 0.146650 0.340837
 0.337189 0.230951 0.431860

9
 0.514405 0.054023 0.431572
 0.374159 0.622507 0.003334
 0.000648 0.188714 0.810638

9
 0.453643 0.149591 0.396766
 0.307647 0.462403 0.229950
 0.245899 0.681393 0.072707

6
 0.566889 0.433111
 0.282972 0.717028
 0.148232 0.851768

54
 0.187720 0.248204 0.564076
 0.268558 0.512946 0.218496
 0.296268 0.249704 0.454028
 0.533705 0.246220 0.220075
 0.418150 0.188481 0.393369
 0.294126 0.621237 0.084638
 0.467088 0.162812 0.370101
 0.244247 0.397335 0.358418
 0.536804 0.192000 0.271196
 0.075584 0.820230 0.104186
 0.414917 0.044653 0.540430
 0.484321 0.005357 0.510322
 0.172239 0.438782 0.388978
 0.344696 0.410780 0.244525
 0.202544 0.458291 0.339165
 0.257938 0.379391 0.362672
 0.193366 0.122790 0.683844
 0.107736 0.437262 0.455003

36
 0.861674 0.138326
 0.079340 0.920660
 0.285605 0.714395
 0.670642 0.329358
 0.441079 0.558921
 0.618003 0.381997
 0.882369 0.117631
 0.847530 0.152470
 0.553302 0.446698
 0.662411 0.337589
 0.527181 0.472819
 0.484277 0.515723
 0.659997 0.340003
 0.599208 0.400792
 0.376358 0.623642
 0.100350 0.899650
 0.752059 0.247941
 0.503261 0.496739

54
 0.221205 0.654377 0.124418
 0.353422 0.226819 0.419758
 0.321833 0.383833 0.294334
 0.178170 0.208437 0.613393
 0.609999 0.291258 0.098744
 0.332844 0.356813 0.310342
 0.244934 0.329932 0.425134
 0.199842 0.028084 0.772074
 0.240295 0.660908 0.098797
 0.153218 0.488517 0.358265
 0.427164 0.437460 0.135376
 0.457676 0.148187 0.394137
 0.478545 0.469314 0.052141
 0.450814 0.390672 0.158514
 0.189607 0.503009 0.307383
 0.413661 0.306678 0.279661
 0.433732 0.389367 0.176901
 0.467320 0.381025 0.151655

54
 0.168638 0.322802 0.508560
 0.223555 0.189716 0.586729
 0.531717 0.200445 0.267838
 0.397276 0.412442 0.190282
 0.563010 0.081834 0.355156
 0.302631 0.212067 0.485301
 0.081713 0.840149 0.078139
 0.140516 0.409185 0.450300
 0.459365 0.044530 0.496104
 0.176626 0.252311 0.571063
 0.527838 0.219182 0.252980
 0.044384 0.254953 0.700663
 0.212496 0.406348 0.381155
 0.411243 0.448079 0.140678
 0.498903 0.166739 0.334358
 0.570651 0.041049 0.388300
 0.162167 0.119056 0.718777
 0.526414 0.103783 0.369803

1350
 0.003285 0.013111 0.036452 0.008750 0.005766 0.026786 0.039461 0.015264 0.003490 0.004915 0.036974 0.021649 0.023353 0.025648 0.009293 0.028822 0.035290 0.008102 0.031898 0.037435 0.033502 0.005333 0.017019 0.034785 0.036749 0.028242 0.016275 0.020212 0.012574 0.027916 0.017082 0.014477 0.004786 0.001496 0.038491 0.003503 0.018798 0.002584 0.015721 0.019366 0.026651 0.039080 0.027449 0.016071 0.028346 0.031336 0.014861 0.001386 0.028488 0.001678
 0.000826 0.017341 0.030845 0.032792 0.022478 0.015391 0.035342 0.033298 0.025439 0.014084 0.022580 0.014283 0.002652 0.003655 0.003096 0.007284 0.007754 0.033831 0.010355 0.031479 0.022208 0.016429 0.029310 0.025769 0.027577 0.000733 0.032153 0.032985 0.023760 0.015948 0.030854 0.032299 0.000674 0.001057 0.023597 0.032505 0.035963 0.018505 0.000951 0.023113 0.015951 0.023042 0.004771 0.015890 0.005534 0.023521 0.031837 0.020753 0.036271 0.031235
 0.000246 0.018605 0.003962 0.034281 0.037450 0.036807 0.008738 0.024723 0.030043 0.020387 0.018466 0.016429 0.024618 0.023408 0.023670 0.010556 0.029969 0.006261 0.002548 0.025394 0.002376 0.001068 0.020364 0.019159 0.015849 0.019499 0.027316 0.036924 0.009481 0.028944 0.011393 0.036266 0.025478 0.021978 0.001774 0.000143 0.038062 0.007900 0.010638 0.018806 0.024423 0.023550 0.002491 0.027412 0.023039 0.036853 0.031245 0.015079 0.031303 0.034624
 0.026428 0.006494 0.016551 0.041662 0.027868 0.017800 0.030969 0.008977 0.029643 0.021729 0.007877 0.025512 0.000155 0.019841 0.018102 0.031655 0.043492 0.041365 0.023344 0.011376 0.005175 0.000293 0.034020 0.035648 0.016301 0.014607 0.024457 0.037332 0.004741 0.011665 0.017698 0.027206 0.042201 0.018917 0.028091 0.020874 0.022284 0.003566 0.000236 0.002892 0.005065 0.038588 0.020903 0.005642 0.011895 0.017658 0.026414 0.022236 0.016569 0.015983
 0.025887 0.006865 0.007063 0.027281 0.009462 0.024065 0.015085 0.007409 0.009616 0.003888 0.005977 0.016173 0.003350 0.017706 0.036962 0.032500 0.027776 0.022080 0.005901 0.022730 0.032551 0.034565 0.017705 0.037584 0.011642 0.030308 0.010449 0.028585 0.027291 0.036327 0.034596 0.016270 0.039069 0.005508 0.021375 0.006795 0.020828 0.038604 0.036986 0.002221 0.022366 0.017246 0.000236 0.028393 0.008189 0.018255 0.004380 0.034565 0.023625 0.025711
 0.007771 0.033343 0.012286 0.021796 0.030923 0.009470 0.010298 0.003887 0.025425 0.035278 0.028034 0.020356 0.014791 0.006783 0.028040 0.015954 0.033696 0.007411 0.032748 0.001986 0.009760 0.032401 0.008121 0.015298 0.020765 0.035293 0.031574 0.029663 0.035123 0.007503 0.034679 0.000204 0.033407 0.007979 0.015848 0.016627 0.021333 0.012136 0.024628 0.023483 0.003598 0.031686 0.002795 0.026635 0.016388 0.013533 0.024647 0.034713 0.021210 0.028695
 0.037511 0.012149 0.007087 0.008559 0.024175 0.030926 0.031943 0.012193 0.021284 0.039088 0.036372 0.000781 0.020192 0.000776 0.027856 0.001100 0.001945 0.023682 0.008208 0.002065 0.035509 0.009894 0.021077 0.020171 0.005490 0.000686 0.012095 0.030208 0.021227 0.035696 0.027291 0.019910 0.035562 0.007542 0.018379 0.014181 0.022333 0.018060 0.031133 0.023903 0.031391 0.026003 0.008744 0.032246 0.038876 0.002997 0.037029 0.008487 0.017253 0.038733
 0.039584 0.013815 0.022466 0.014038 0.034344 0.002296 0.020878 0.032723 0.031768 0.040303 0.009064 0.030911 0.002085 0.037226 0.019014 0.016587 0.004304 0.041046 0.022878 0.013732 0.037141 0.029414 0.032775 0.017995 0.022823 0.008510 0.005095 0.012265 0.011341 0.011525 0.030158 0.034439 0.005353 0.003003 0.008041 0.032822 0.036707 0.004305 0.009365 0.004008 0.016103 0.012826 0.007034 0.001678 0.024922 0.027769 0.027330 0.032424 0.039669 0.004099
 0.007758 0.020781 0.033436 0.013267 0.015154 0.029295 0.018220 0.030372 0.017173 0.023283 0.031432 0.000116 0.021459 0.031045 0.018449 0.021315 0.030117 0.023182 0.011187 0.020748 0.015525 0.020368 0.027749 0.017239 0.016583 0.021882 0.008596 0.007285 0.012788 0.034894 0.014394 0.014949 0.029103 0.000941 0.009917 0.020310 0.030054 0.033042 0.003443 0.000321 0.035512 0.028698 0.010284 0.030505 0.001197 0.030962 0.033961 0.028576 0.025405 0.017729
 0.001156 0.023724 0.036081 0.007873 0.029600 0.019070 0.022162 0.035056 0.025562 0.010719 0.026472 0.012447 0.040773 0.024881 0.042455 0.008877 0.020772 0.027051 0.038020 0.022026 0.007159 0.025908 0.025350 0.002755 0.041216 0.012112 0.018180 0.004582 0.000387 0.042395 0.006311 0.005219 0.009223 0.015957 0.014553 0.039138 0.039709 0.006761 0.006700 0.029528 0.000883 0.017823 0.008650 0.037200 0.018033 0.015144 0.041834 0.001385 0.020383 0.010746
 0.012895 0.002315 0.041190 0.017154 0.003437 0.033051 0.014666 0.027925 0.032733 0.010784 0.027128 0.030952 0.032093 0.010595 0.011188 0.037629 0.020463 0.001910 0.012049 0.023891 0.019927 0.036121 0.020790 0.026802 0.040516 0.005669 0.020125 0.028347 0.000515 0.015704 0.023519 0.042411 0.011934 0.036487 0.020587 0.037732 0.032989 0.013507 0.035546 0.006679 0.011730 0.002422 0.013811 0.008797 0.007031 0.009151 0.027048 0.007081 0.023789 0.009185
 0.032057 0.010715 0.004807 0.031567 0.031981 0.006317 0.029085 0.006521 0.004242 0.025743 0.031042 0.033275 0.023125 0.028454 0.029501 0.020472 0.014407 0.010668 0.032413 0.015521 0.022511 0.002530 0.016796 0.023602 0.030353 0.003982 0.034416 0.002261 0.007838 0.012852 0.028491 0.016561 0.035752 0.007061 0.016303 0.009874 0.031190 0.003516 0.020618 0.008797 0.021172 0.033728 0.027550 0.010628 0.022831 0.006339 0.024733 0.035151 0.029727 0.030924
 0.000222 0.017938 0.033380 0.007983 0.018220 0.017594 0.004692 0.027782 0.028512 0.025033 0.022369 0.022356 0.009495 0.016455 0.004922 0.037248 0.037975 0.007341 0.004766 0.036208 0.007914 0.020699 0.001168 0.009149 0.039578 0.002382 0.035536 0.034107 0.023610 0.017629 0.015572 0.035543 0.015983 0.004207 0.015706 0.038610 0.000780 0.021337 0.014533 0.016461 0.020030 0.039115 0.025429 0.015950 0.009643 0.021690 0.018704 0.032656 0.028222 0.037567
 0.005003 0.004523 0.027878 0.015333 0.023450 0.023294 0.026420 0.019610 0.033659 0.032811 0.013532 0.012824 0.008793 0.006267 0.008224 0.034035 0.012585 0.033348 0.013455 0.002463 0.039217 0.013764 0.000198 0.018955 0.037887 0.022416 0.024642 0.015351 0.011306 0.005192 0.036111 0.017436 0.034724 0.035394 0.033447 0.034770 0.007538 0.026146 0.001770 0.039656 0.034716 0.034001 0.023517 0.036675 0.030670 0.001829 0.005787 0.002081 0.000677 0.016618
 0.015865 0.005613 0.022344 0.030036 0.004604 0.024708 0.038152 0.007116 0.020348 0.029237 0.038080 0.007865 0.014256 0.023869 0.011420 0.039803 0.036486 0.018662 0.001471 0.003740 0.019567 0.017029 0.020566 0.019056 0.001364 0.012685 0.017455 0.012448 0.015115 0.024674 0.027368 0.010100 0.031016 0.021040 0.009973 0.034501 0.018411 0.001834 0.038989 0.036537 0.000716 0.025116 0.040956 0.006734 0.028322 0.026893 0.027689 0.029664 0.010302 0.020208
 0.010297 0.040261 0.013653 0.013415 0.019813 0.026575 0.006334 0.008811 0.002069 0.003780 0.041287 0.035637 0.009819 0.036467 0.030722 0.039021 0.000136 0.025631 0.010861 0.004832 0.008668 0.034061 0.023141 0.040306 0.014621 0.001857 0.017579 0.007590 0.026973 0.044923 0.004499 0.023722 0.034940 0.010179 0.041666 0.017611 0.023140 0.032503 0.020026 0.038862 0.025271 0.013628 0.007637 0.007941 0.003988 0.003548 0.007605 0.043973 0.021600 0.018519
 0.020360 0.034454 0.012230 0.028967 0.030292 0.001038 0.010135 0.009443 0.032746 0.011609 0.030689 0.032788 0.012241 0.009967 0.030283 0.002857 0.004507 0.025552 0.038388 0.016132 0.004618 0.016780 0.035487 0.003569 0.038478 0.003391 0.022214 0.002439 0.009521 0.006444 0.018501 0.018843 0.000170 0.031704 0.041300 0.029485 0.041788 0.024117 0.023174 0.010839 0.021539 0.036203 0.013738 0.013348 0.028527 0.004928 0.006879 0.018851 0.043606 0.034841
 0.012359 0.009259 0.027363 0.026207 0.000132 0.034677 0.028812 0.011126 0.011551 0.022799 0.023600 0.039967 0.025753 0.008339 0.023989 0.010447 0.019257 0.018438 0.028644 0.017042 0.010917 0.007208 0.033378 0.013107 0.028692 0.019304 0.010640 0.007003 0.029674 0.024182 0.029888 0.016216 0.018659 0.035667 0.029509 0.039883 0.012527 0.018212 0.035450 0.000107 0.013217 0.033066 0.003298 0.004201 0.017037 0.012976 0.033939 0.015612 0.018395 0.028276
 0.003907 0.039397 0.028351 0.031983 0.026824 0.011182 0.028875 0.004640 0.026682 0.035019 0.034549 0.022507 0.016680 0.027922 0.036682 0.002855 0.012138 0.037748 0.028705 0.012806 0.017624 0.001629 0.006149 0.037931 0.035147 0.000713 0.011572 0.025029 0.031249 0.007085 0.006545 0.013353 0.007800 0.012691 0.037137 0.032760 0.028160 0.007027 0.005069 0.031518 0.002837 0.006985 0.035448 0.005866 0.025304 0.023460 0.020301 0.011595 0.039572 0.002993
 0.000855 0.033299 0.014518 0.023759 0.005719 0.036148 0.035631 0.032922 0.018167 0.020079 0.037044 0.037845 0.004445 0.017618 0.008259 0.029273 0.025605 0.000268 0.017173 0.006179 0.000034 0.022498 0.012104 0.002143 0.021424 0.033149 0.036068 0.000987 0.021684 0.004713 0.017743 0.002739 0.003452 0.002826 0.034784 0.005245 0.037455 0.024903 0.013396 0.024754 0.029915 0.036551 0.028254 0.033937 0.034231 0.010646 0.026547 0.012583 0.035353 0.025074
 0.001694 0.028034 0.031703 0.027134 0.002136 0.034784 0.015293 0.016379 0.038582 0.006935 0.040712 0.039825 0.028959 0.008684 0.003097 0.000792 0.036311 0.006040 0.033527 0.015862 0.013327 0.033717 0.016481 0.027388 0.035827 0.005202 0.019923 0.020868 0.015724 0.000226 0.025180 0.018705 0.031162 0.022443 0.006577 0.011934 0.016037 0.023394 0.017554 0.023355 0.027814 0.039778 0.009178 0.026240 0.033575 0.018076 0.028935 0.000934 0.003472 0.010491
 0.035926 0.018166 0.031926 0.016457 0.021325 0.020625 0.011422 0.042766 0.032247 0.020564 0.037539 0.035910 0.017411 0.013016 0.000287 0.008164 0.012409 0.012735 0.003109 0.003680 0.018901 0.024832 0.022430 0.019837 0.009683 0.006679 0.041500 0.004601 0.040069 0.041395 0.034272 0.004849 0.000283 0.027918 0.029247 0.030212 0.022073 0.019974 0.009076 0.014261 0.011400 0.034808 0.001792 0.006128 0.021170 0.016722 0.022566 0.035287 0.003410 0.028942
 0.011684 0.009235 0.002261 0.021822 0.033020 0.003676 0.024282 0.006456 0.000779 0.018752 0.037789 0.028157 0.040855 0.034010 0.004334 0.002835 0.025801 0.035459 0.006764 0.030343 0.015577 0.004151 0.003670 0.014392 0.018704 0.009495 0.041169 0.018703 0.041026 0.028185 0.034659 0.035299 0.039311 0.035976 0.000715 0.027455 0.015176 0.028150 0.031610 0.005974 0.023714 0.038178 0.004275 0.011320 0.011176 0.008832 0.000505 0.019167 0.035411 0.019711
 0.036976 0.013476 0.027233 0.032084 0.018178 0.006169 0.031628 0.000432 0.003342 0.022768 0.037993 0.031855 0.024470 0.006077 0.014270 0.015599 0.003705 0.032330 0.028566 0.011035 0.017072 0.024296 0.025874 0.014039 0.036606 0.022084 0.021430 0.025282 0.018744 0.025676 0.018076 0.002322 0.000631 0.004598 0.006153 0.038616 0.035023 0.037184 0.021002 0.015162 0.026983 0.010433 0.027097 0.019484 0.015504 0.024058 0.022135 0.024924 0.011989 0.009337
 0.013983 0.004645 0.011536 0.009874 0.003424 0.025890 0.002200 0.013635 0.026688 0.008797 0.023536 0.033266 0.029531 0.021826 0.007091 0.037009 0.001765 0.008976 0.037701 0.021691 0.040345 0.013767 0.025559 0.002291 0.025914 0.013107 0.038382 0.011279 0.023970 0.032238 0.002261 0.034494 0.036914 0.035413 0.020047 0.033452 0.002310 0.030642 0.007017 0.006440 0.015829 0.023296 0.040192 0.040945 0.029453 0.019560 0.008816 0.014027 0.006844 0.022128
 0.017488 0.011025 0.024282 0.017806 0.009550 0.012761 0.030752 0.023516 0.030961 0.036718 0.031461 0.024936 0.037383 0.019328 0.025169 0.034042 0.024875 0.020147 0.002726 0.005585 0.027034 0.037598 0.005469 0.018285 0.035603 0.017347 0.002299 0.011187 0.014967 0.024271 0.007894 0.027348 0.026906 0.004313 0.015472 0.020873 0.025431 0.010732 0.024043 0.002440 0.034157 0.000604 0.025910 0.025028 0.019938 0.022112 0.023397 0.005494 0.024132 0.019203
 0.029627 0.044883 0.008681 0.043953 0.015497 0.000602 0.028216 0.003985 0.002300 0.018148 0.005442 0.024733 0.022847 0.008378 0.025419 0.006722 0.027600 0.002323 0.001277 0.026386 0.006631 0.022877 0.017943 0.026886 0.019978 0.012859 0.015602 0.033781 0.038111 0.030350 0.008390 0.024361 0.023320 0.031864 0.003457 0.030355 0.006940 0.021928 0.030799 0.006304 0.015692 0.031829 0.040346 0.035918 0.031604 0.009511 0.006094 0.042211 0.014497 0.012544

18
 0.340376 0.659624
 0.441947 0.558053
 0.407908 0.592092
 0.696637 0.303363
 0.213262 0.786738
 0.634285 0.365715
 0.351381 0.648619
 0.872033 0.127967
 0.391296 0.608704

36
 0.032014 0.707767 0.260219
 0.666838 0.143398 0.189764
 0.241002 0.072407 0.686590
 0.253120 0.626499 0.120382
 0.510554 0.260413 0.229032
 0.248936 0.384147 0.366917
 0.562082 0.217375 0.220543
 0.361976 0.251572 0.386452
 0.396981 0.466159 0.136860
 0.315027 0.192902 0.492071
 0.411236 0.117457 0.471307
 0.165068 0.702747 0.132185

600
 0.609610 0.390390
 0.379458 0.620542
 0.595731 0.404269
 0.378633 0.621367
 0.527659 0.472341
 0.855962 0.144038
 0.577539 0.422461
 0.901822 0.098178
 0.804998 0.195002
 0.501838 0.498162
 0.910035 0.089965
 0.411688 0.588312
 0.333852 0.666148
 0.435829 0.564171
 0.280441 0.719559
 0.470834 0.529166
 0.675258 0.324742
 0.464134 0.535866
 0.612312 0.387688
 0.483150 0.516850
 0.926894 0.073106
 0.717094 0.282906
 0.022628 0.977372
 0.438964 0.561036
 0.529481 0.470519
 0.581790 0.418210
 0.690572 0.309428
 0.376861 0.623139
 0.359420 0.640580
 0.777990 0.222010
 0.701881 0.298119
 0.105882 0.894118
 0.662867 0.337133
 0.971408 0.028592
 0.526850 0.473150
 0.648857 0.351143
 0.427224 0.572776
 0.579701 0.420299
 0.577210 0.422790
 0.779415 0.220585
 0.556820 0.443180
 0.527222 0.472778
 0.170340 0.829660
 0.381249 0.618751
 0.376726 0.623274
 0.386406 0.613594
 0.478814 0.521186
 0.557195 0.442805
 0.229000 0.771000
 0.111071 0.888929
 0.458156 0.541844
 0.145154 0.854846
 0.486281 0.513719
 0.984132 0.015868
 0.445138 0.554862
 0.501449 0.498551
 0.234214 0.765786
 0.594381 0.405619
 0.393191 0.606809
 0.491735 0.508265
 0.279086 0.720914
 0.294497 0.705503
 0.417594 0.582406
 0.409699 0.590301
 0.195569 0.804431
 0.408294 0.591706
 0.530048 0.469952
 0.588311 0.411689
 0.512287 0.487713
 0.740426 0.259574
 0.477032 0.522968
 0.915880 0.084120
 0.139014 0.860986
 0.596802 0.403198
 0.743585 0.256415
 0.120403 0.879597
 0.520699 0.479301
 0.486007 0.513993
 0.682118 0.317882
 0.916157 0.083843
 0.442797 0.557203
 0.621571 0.378429
 0.434898 0.565102
 0.512867 0.487133
 0.082111 0.917889
 0.529387 0.470613
 0.615557 0.384443
 0.223474 0.776526
 0.575643 0.424357
 0.708305 0.291695
 0.718779 0.281221
 0.333928 0.666072
 0.544907 0.455093
 0.281697 0.718303
 0.817612 0.182388
 0.383827 0.616173
 0.375872 0.624128
 0.567943 0.432057
 0.225976 0.774024
 0.663666 0.336334
 0.586111 0.413889
 0.785350 0.214650
 0.628317 0.371683
 0.675550 0.324450
 0.964836 0.035164
 0.078072 0.921928
 0.853753 0.146247
 0.665173 0.334827
 0.494190 0.505810
 0.833611 0.166389
 0.771537 0.228463
 0.212888 0.787112
 0.273079 0.726921
 0.369046 0.630954
 0.501468 0.498532
 0.549918 0.450082
 0.750966 0.249034
 0.488522 0.511478
 0.910166 0.089834
 0.770881 0.229119
 0.456018 0.543982
 0.553111 0.446889
 0.516139 0.483861
 0.300663 0.699337
 0.472210 0.527790
 0.783420 0.216580
 0.751896 0.248104
 0.116436 0.883564
 0.703919 0.296081
 0.353385 0.646615
 0.704986 0.295014
 0.350169 0.649831
 0.395360 0.604640
 0.493923 0.506077
 0.576196 0.423804
 0.691984 0.308016
 0.413255 0.586745
 0.850509 0.149491
 0.872455 0.127545
 0.520179 0.479821
 0.799701 0.200299
 0.886244 0.113756
 0.476048 0.523952
 0.993008 0.006992
 0.264757 0.735243
 0.672181 0.327819
 0.071324 0.928676
 0.501573 0.498427
 0.715432 0.284568
 0.482059 0.517941
 0.444161 0.555839
 0.470872 0.529128
 0.717683 0.282317
 0.347488 0.652512
 0.559183 0.440817
 0.536747 0.463253
 0.827033 0.172967
 0.504450 0.495550
 0.218524 0.781476
 0.413383 0.586617
 0.974152 0.025848
 0.542830 0.457170
 0.594247 0.405753
 0.547776 0.452224
 0.692924 0.307076
 0.212215 0.787785
 0.081848 0.918152
 0.561172 0.438828
 0.946716 0.053284
 0.620403 0.379597
 0.150497 0.849503
 0.419270 0.580730
 0.224880 0.775120
 0.318139 0.681861
 0.757106 0.242894
 0.579993 0.420007
 0.525974 0.474026
 0.456650 0.543350
 0.462722 0.537278
 0.108506 0.891494
 0.312552 0.687448
 0.574035 0.425965
 0.216751 0.783249
 0.089018 0.910982
 0.555795 0.444205
 0.560475 0.439525
 0.414151 0.585849
 0.555665 0.444335
 0.764744 0.235256
 0.788842 0.211158
 0.172290 0.827710
 0.488246 0.511754
 0.488215 0.511785
 0.969274 0.030726
 0.547926 0.452074
 0.617743 0.382257
 0.226008 0.773992
 0.496346 0.503654
 0.614663 0.385337
 0.831657 0.168343
 0.681762 0.318238
 0.039620 0.960380
 0.507200 0.492800
 0.746519 0.253481
 0.582808 0.417192
 0.815864 0.184136
 0.688079 0.311921
 0.881804 0.118196
 0.440476 0.559524
 0.439212 0.560788
 0.410899 0.589101
 0.248319 0.751681
 0.285132 0.714868
 0.373785 0.626215
 0.658913 0.341087
 0.379429 0.620571
 0.816503 0.183497
 0.360796 0.639204
 0.428427 0.571573
 0.017897 0.982103
 0.035419 0.964581
 0.496143 0.503857
 0.312851 0.687149
 0.560830 0.439170
 0.536112 0.463888
 0.571778 0.428222
 0.056398 0.943602
 0.814612 0.185388
 0.702079 0.297921
 0.151418 0.848582
 0.333877 0.666123
 0.822933 0.177067
 0.648868 0.351132
 0.552255 0.447745
 0.246534 0.753466
 0.214376 0.785624
 0.802111 0.197889
 0.258374 0.741626
 0.636303 0.363697
 0.338622 0.661378
 0.488225 0.511775
 0.184255 0.815745
 0.587925 0.412075
 0.495620 0.504380
 0.026077 0.973923
 0.426580 0.573420
 0.025888 0.974112
 0.341363 0.658637
 0.197843 0.802157
 0.502977 0.497023
 0.544939 0.455061
 0.445469 0.554531
 0.620864 0.379136
 0.326543 0.673457
 0.628969 0.371031
 0.079036 0.920964
 0.883215 0.116785
 0.913425 0.086575
 0.990832 0.009168
 0.487810 0.512190
 0.490994 0.509006
 0.682816 0.317184
 0.997924 0.002076
 0.539683 0.460317
 0.473388 0.526612
 0.704577 0.295423
 0.650374 0.349626
 0.027778 0.972222
 0.633578 0.366422
 0.174615 0.825385
 0.425758 0.574242
 0.508628 0.491372
 0.701284 0.298716
 0.237060 0.762940
 0.514165 0.485835
 0.065723 0.934277
 0.508125 0.491875
 0.997493 0.002507
 0.579134 0.420866
 0.645394 0.354606
 0.584359 0.415641
 0.252699 0.747301
 0.449208 0.550792
 0.946037 0.053963
 0.112680 0.887320
 0.434937 0.565063
 0.233654 0.766346
 0.325412 0.674588
 0.582870 0.417130
 0.434621 0.565379
 0.694662 0.305338
 0.547797 0.452203
 0.425556 0.574444
 0.510543 0.489457
 0.782667 0.217333
 0.753781 0.246219
 0.851356 0.148644
 0.758286 0.241714
 0.195790 0.804210
 0.503570 0.496430

27
 0.097311 0.180847 0.721842
 0.410796 0.418654 0.170550
 0.399722 0.389728 0.210550
 0.529423 0.388275 0.082301
 0.547461 0.045321 0.407217
 0.119686 0.674236 0.206079
 0.155541 0.619600 0.224860
 0.843873 0.018938 0.137189
 0.043001 0.653055 0.303944

36
 0.697209 0.302791
 0.585656 0.414344
 0.996376 0.003624
 0.622196 0.377804
 0.841793 0.158207
 0.683706 0.316294
 0.347927 0.652073
 0.368833 0.631167
 0.886128 0.113872
 0.364741 0.635259
 0.702248 0.297752
 0.512227 0.487773
 0.946758 0.053242
 0.672351 0.327649
 0.797250 0.202750
 0.622710 0.377290
 0.500084 0.499916
 0.254904 0.745096

18
 0.109942 0.890058
 0.531552 0.468448
 0.192239 0.807761
 0.340962 0.659038
 0.201821 0.798179
 0.433904 0.566096
 0.821880 0.178120
 0.468071 0.531929
 0.495762 0.504238

24
 0.530772 0.305851 0.163378
 0.130545 0.472759 0.396697
 0.205248 0.329091 0.465662
 0.100653 0.155337 0.744009
 0.074833 0.480952 0.444215
 0.429916 0.333878 0.236206
 0.340778 0.357065 0.302158
 0.170756 0.310043 0.519201

54
 0.255561 0.744439
 0.660158 0.339842
 0.846842 0.153158
 0.415439 0.584561
 0.934572 0.065428
 0.478990 0.521010
 0.543982 0.456018
 0.314508 0.685492
 0.451633 0.548367
 0.352753 0.647247
 0.412653 0.587347
 0.472502 0.527498
 0.544960 0.455040
 0.502873 0.497127
 0.483602 0.516398
 0.314505 0.685495
 0.226710 0.773290
 0.765977 0.234023
 0.823210 0.176790
 0.777041 0.222959
 0.171384 0.828616
 0.431344 0.568656
 0.553909 0.446091
 0.263288 0.736712
 0.130301 0.869699
 0.431196 0.568804
 0.542134 0.457866

600
 0.027504 0.008122 0.033623 0.033569 0.026239 0.019311 0.002128 0.026663 0.037073 0.025219 0.012203 0.040409 0.035153 0.002438 0.014677 0.007858 0.018182 0.007692 0.018372 0.021776 0.008872 0.040556 0.007402 0.019738 0.033076 0.001097 0.030518 0.008636 0.007875 0.031359 0.001932 0.034726 0.015760 0.007804 0.020007 0.038643 0.027444 0.003138 0.013707 0.013334 0.012453 0.030105 0.029459 0.022301 0.007804 0.032595 0.026021 0.011141 0.017301 0.026985
 0.018696 0.019228 0.019157 0.007458 0.030184 0.007026 0.024280 0.017457 0.026623 0.033404 0.009485 0.010662 0.010139 0.018887 0.032792 0.005891 0.028490 0.030162 0.008757 0.015541 0.027678 0.028032 0.014309 0.022030 0.034645 0.023792 0.036359 0.012152 0.033038 0.005846 0.000962 0.006652 0.020198 0.034545 0.032979 0.025257 0.013496 0.002909 0.031041 0.009226 0.019953 0.022369 0.012022 0.016179 0.027016 0.030246 0.012302 0.017697 0.036847 0.015906
 0.000896 0.029508 0.024252 0.003651 0.023297 0.014582 0.015717 0.034816 0.019682 0.005102 0.013934 0.037511 0.022426 0.021947 0.011275 0.032378 0.026495 0.027989 0.026740 0.021908 0.026720 0.038539 0.012124 0.005716 0.002788 0.015619 0.036527 0.020577 0.034777 0.022033 0.021091 0.025868 0.021559 0.003475 0.016337 0.022995 0.027106 0.020228 0.017069 0.014612 0.012868 0.034739 0.031598 0.001600 0.008943 0.006158 0.021714 0.027588 0.029413 0.005510
 0.010018 0.021717 0.023625 0.035088 0.020739 0.010210 0.031978 0.039886 0.014798 0.024486 0.005436 0.018872 0.018608 0.036464 0.022287 0.034201 0.037058 0.018804 0.031932 0.006558 0.001340 0.038922 0.024185 0.001825 0.003115 0.036092 0.015154 0.011354 0.011167 0.016686 0.027253 0.034772 0.001375 0.024486 0.001649 0.031287 0.001674 0.026765 0.015252 0.021740 0.007455 0.027356 0.018640 0.011422 0.023254 0.039759 0.005328 0.027063 0.016816 0.014049
 0.034062 0.003556 0.028862 0.006963 0.026746 0.011509 0.005082 0.021789 0.033363 0.000805 0.014260 0.004697 0.014604 0.007235 0.031810 0.002021 0.036433 0.026480 0.034949 0.012619 0.015408 0.006169 0.009539 0.031158 0.001051 0.021374 0.035224 0.031249 0.022367 0.032029 0.035850 0.027246 0.010297 0.006533 0.017010 0.030910 0.021206 0.011195 0.018474 0.016173 0.027459 0.024084 0.017937 0.034981 0.036921 0.005842 0.032054 0.036024 0.002306 0.024084
 0.019405 0.030813 0.020696 0.013225 0.024398 0.039610 0.014923 0.028312 0.026133 0.039333 0.002230 0.042766 0.040176 0.009617 0.002992 0.017339 0.003697 0.005010 0.024691 0.002262 0.030425 0.042738 0.000186 0.006994 0.044883 0.024231 0.003703 0.020114 0.008577 0.006725 0.014597 0.042505 0.039433 0.015200 0.027888 0.034086 0.023630 0.020596 0.006192 0.021402 0.018238 0.021482 0.025381 0.014670 0.020948 0.016555 0.011979 0.001022 0.014020 0.013970
 0.015773 0.021546 0.005715 0.030633 0.033805 0.001523 0.027054 0.023518 0.040617 0.017268 0.030754 0.003131 0.020472 0.032533 0.003210 0.039574 0.019342 0.016095 0.014450 0.035075 0.013185 0.009094 0.039207 0.001408 0.014176 0.015244 0.000721 0.006663 0.001037 0.034404 0.037417 0.031755 0.020450 0.010234 0.002584 0.040328 0.040429 0.012815 0.001656 0.005625 0.010579 0.018662 0.026540 0.010067 0.007442 0.037917 0.038492 0.037382 0.039330 0.003071
 0.026846 0.025141 0.001714 0.036144 0.016533 0.004818 0.006038 0.003436 0.009115 0.032363 0.035592 0.005910 0.015116 0.020317 0.031267 0.028542 0.027046 0.026208 0.019112 0.012860 0.023661 0.000349 0.001781 0.025094 0.018005 0.015447 0.016396 0.017988 0.021657 0.037490 0.025766 0.005594 0.001635 0.033258 0.029907 0.011477 0.026964 0.027253 0.026522 0.001041 0.031151 0.031854 0.022008 0.015078 0.034474 0.027572 0.013135 0.022304 0.035141 0.015883
 0.028210 0.037154 0.012239 0.013032 0.022381 0.009558 0.002350 0.036875 0.029061 0.010575 0.028156 0.033105 0.011641 0.033947 0.030077 0.000308 0.034217 0.038406 0.034846 0.006831 0.003166 0.010576 0.030503 0.021941 0.000501 0.015702 0.015526 0.023652 0.007775 0.029805 0.038570 0.030214 0.001996 0.013837 0.036980 0.006412 0.028328 0.014710 0.038456 0.021321 0.018512 0.032605 0.016616 0.004113 0.007505 0.015610 0.022572 0.008573 0.010272 0.020682
 0.025889 0.017758 0.009049 0.026691 0.027784 0.016798 0.020322 0.003870 0.033185 0.021997 0.003819 0.026008 0.032077 0.001412 0.010678 0.005613 0.013072 0.022965 0.030402 0.026603 0.023134 0.025437 0.018986 0.020426 0.029872 0.016746 0.005112 0.013330 0.030516 0.005923 0.032735 0.022979 0.029952 0.023234 0.016322 0.023986 0.015190 0.033016 0.016175 0.029503 0.006958 0.021171 0.021119 0.014987 0.016541 0.017005 0.023470 0.014947 0.027006 0.028229
 0.008830 0.033609 0.026192 0.025531 0.004646 0.031611 0.005113 0.003284 0.021100 0.021953 0.012833 0.013110 0.034463 0.033972 0.029032 0.016910 0.014479 0.028895 0.014787 0.025609 0.004612 0.010745 0.032474 0.023375 0.031339 0.015748 0.016512 0.019085 0.023483 0.023608 0.025394 0.033463 0.002107 0.010163 0.014089 0.035071 0.004476 0.021015 0.025879 0.031195 0.012409 0.024669 0.024461 0.016831 0.020580 0.019273 0.034592 0.020403 0.011928 0.005058
 0.002704 0.014988 0.029425 0.011553 0.027921 0.003300 0.005205 0.006586 0.022047 0.020937 0.015127 0.012177 0.007077 0.039909 0.016262 0.031184 0.028767 0.010398 0.034645 0.033781 0.039312 0.034855 0.033364 0.014642 0.004715 0.022410 0.000561 0.008744 0.020252 0.034645 0.008931 0.008662 0.038308 0.027581 0.007825 0.041649 0.036431 0.035431 0.013505 0.027082 0.033595 0.018943 0.022031 0.029894 0.006646 0.018089 0.015624 0.013265 0.004718 0.004297

1350
 0.695108 0.254522 0.050370
 0.704617 0.081277 0.214107
 0.211175 0.421729 0.367096
 0.391279 0.176763 0.431958
 0.739097 0.250573 0.010330
 0.372441 0.279815 0.347744
 0.181382 0.238001 0.580616
 0.305054 0.517127 0.177819
 0.311867 0.182451 0.505682
 0.086787 0.249187 0.664026
 0.160919 0.108348 0.730733
 0.199143 0.432028 0.368829
 0.344598 0.330389 0.325013
 0.354412 0.037884 0.607704
 0.521894 0.405376 0.072730
 0.220337 0.398318 0.381345
 0.261374 0.583135 0.155490
 0.365389 0.435930 0.198681
 0.527121 0.471293 0.001586
 0.363525 0.396156 0.240319
 0.125665 0.262151 0.612184
 0.670395 0.300880 0.028725
 0.189250 0.805201 0.005548
 0.174589 0.523666 0.301745
 0.347159 0.568948 0.083893
 0.255380 0.528284 0.216336
 0.632412 0.030409 0.337180
 0.324751 0.445493 0.229756
 0.449653 0.307227 0.243120
 0.243989 0.411087 0.344923
 0.187038 0.597877 0.215085
 0.531060 0.145382 0.323557
 0.531880 0.237737 0.230382
 0.273969 0.183860 0.542171
 0.276908 0.349265 0.373827
 0.549178 0.305637 0.145185
 0.260247 0.333914 0.405840
 0.208864 0.374567 0.416569
 0.004297 0.201873 0.793830
 0.111961 0.055356 0.832683
 0.306441 0.235183 0.458376
 0.295187 0.213689 0.491124
 0.444746 0.335813 0.219441
 0.440926 0.525614 0.033460
 0.379317 0.040058 0.580625
 0.446130 0.225338 0.328531
 0.085752 0.408088 0.506160
 0.473517 0.506694 0.019789
 0.347269 0.537231 0.115500
 0.625135 0.162935 0.211930
 0.804409 0.101911 0.093680
 0.258827 0.386764 0.354409
 0.137074 0.024561 0.838365
 0.556153 0.141493 0.302355
 0.485023 0.308642 0.206335
 0.174512 0.460449 0.365040
 0.268628 0.323893 0.407480
 0.345118 0.406476 0.248406
 0.123495 0.517665 0.358840
 0.395800 0.549838 0.054362
 0.217168 0.568929 0.213903
 0.016479 0.159107 0.824415
 0.281729 0.430657 0.287613
 0.374631 0.111374 0.513994
 0.282082 0.233579 0.484339
 0.507046 0.269013 0.223941
 0.256409 0.562817 0.180774
 0.385233 0.125227 0.489540
 0.180636 0.127139 0.692225
 0.494134 0.195543 0.310324
 0.166883 0.102382 0.730735
 0.543821 0.234636 0.221543
 0.437534 0.444563 0.117903
 0.152493 0.505014 0.342493
 0.192639 0.475695 0.331666
 0.503441 0.231490 0.265069
 0.095351 0.221204 0.683445
 0.242779 0.540436 0.216785
 0.069306 0.559267 0.371427
 0.634093 0.169322 0.196585
 0.444099 0.327312 0.228589
 0.040910 0.607738 0.351352
 0.702341 0.219178 0.078480
 0.452120 0.060850 0.487031
 0.529810 0.201308 0.268883
 0.281746 0.296123 0.422131
 0.193892 0.077347 0.728761
 0.674911 0.241738 0.083352
 0.410200 0.380161 0.209639
 0.026744 0.467620 0.505636
 0.578547 0.209102 0.212352
 0.091430 0.368288 0.540282
 0.221069 0.736179 0.042752
 0.381228 0.251381 0.367391
 0.456882 0.253833 0.289285
 0.207847 0.025700 0.766454
 0.185411 0.378824 0.435764
 0.248446 0.412885 0.338669
 0.116207 0.226008 0.657785
 0.262015 0.094060 0.643925
 0.485686 0.217482 0.296832
 0.349334 0.117362 0.533304
 0.200123 0.176070 0.623807
 0.544560 0.272413 0.183027
 0.368499 0.587793 0.043708
 0.367967 0.252542 0.379491
 0.008730 0.844020 0.147250
 0.190247 0.450220 0.359534
 0.231911 0.122433 0.645656
 0.198148 0.385610 0.416242
 0.285405 0.568731 0.145864
 0.194984 0.599602 0.205414
 0.398247 0.076942 0.524811
 0.438043 0.217334 0.344623
 0.207535 0.335967 0.456497
 0.283681 0.417175 0.299145
 0.553447 0.439940 0.006612
 0.324398 0.337711 0.337891
 0.807168 0.037588 0.155244
 0.220926 0.315075 0.463999
 0.766830 0.024128 0.209043
 0.164346 0.479615 0.356039
 0.116413 0.366347 0.517240
 0.369121 0.607234 0.023645
 0.374724 0.426091 0.199185
 0.712487 0.079715 0.207798
 0.441964 0.411230 0.146806
 0.493613 0.451525 0.054862
 0.649322 0.072980 0.277698
 0.166659 0.421640 0.411701
 0.231463 0.263814 0.504723
 0.171381 0.441229 0.387390
 0.149245 0.506868 0.343887
 0.115318 0.327420 0.557262
 0.516613 0.037783 0.445604
 0.784458 0.018903 0.196640
 0.267338 0.407109 0.325553
 0.566374 0.012704 0.420922
 0.220027 0.215258 0.564715
 0.292278 0.379968 0.327754
 0.108300 0.468288 0.423412
 0.265163 0.056101 0.678737
 0.266887 0.224798 0.508315
 0.102761 0.489205 0.408033
 0.612732 0.290053 0.097215
 0.390069 0.434707 0.175223
 0.270681 0.354581 0.374737
 0.350292 0.500197 0.149511
 0.352141 0.318044 0.329815
 0.393440 0.459383 0.147177
 0.430419 0.398555 0.171026
 0.684606 0.055215 0.260179
 0.125151 0.506026 0.368823
 0.287561 0.426130 0.286309
 0.123560 0.546052 0.330389
 0.300477 0.115825 0.583698
 0.258607 0.538330 0.203063
 0.364283 0.373201 0.262517
 0.052961 0.409720 0.537319
 0.062670 0.073785 0.863545
 0.659374 0.011355 0.329271
 0.346899 0.349676 0.303426
 0.039758 0.762918 0.197324
 0.359073 0.316689 0.324238
 0.150251 0.423929 0.425820
 0.456477 0.172250 0.371273
 0.253296 0.045227 0.701477
 0.496616 0.026870 0.476514
 0.348949 0.134335 0.516716
 0.364282 0.187046 0.448672
 0.214414 0.415101 0.370486
 0.147324 0.456740 0.395936
 0.364755 0.227564 0.407681
 0.198044 0.486476 0.315479
 0.355033 0.370034 0.274932
 0.139639 0.013611 0.846750
 0.549529 0.319121 0.131350
 0.211668 0.257131 0.531201
 0.481150 0.214470 0.304380
 0.359704 0.151942 0.488354
 0.269022 0.276918 0.454060
 0.001920 0.356294 0.641787
 0.617494 0.190313 0.192194
 0.035524 0.532844 0.431631
 0.485078 0.343204 0.171717
 0.744812 0.018474 0.236714
 0.594729 0.335223 0.070048
 0.129929 0.303723 0.566348
 0.540323 0.018753 0.440924
 0.181608 0.442996 0.375397
 0.177973 0.352224 0.469803
 0.217546 0.209818 0.572635
 0.359368 0.623803 0.016830
 0.459496 0.383706 0.156798
 0.193489 0.469529 0.336982
 0.614121 0.176470 0.209409
 0.460540 0.108107 0.431354
 0.380626 0.508262 0.111113
 0.279722 0.374573 0.345705
 0.474585 0.376610 0.148805
 0.356541 0.298531 0.344927
 0.244226 0.523083 0.232691
 0.198770 0.415689 0.385541
 0.242669 0.290185 0.467146
 0.360617 0.202847 0.436536
 0.153263 0.404653 0.442083
 0.219037 0.660041 0.120922
 0.321233 0.642411 0.036356
 0.250202 0.588728 0.161071
 0.316213 0.171267 0.512521
 0.515821 0.276519 0.207660
 0.132531 0.411126 0.456343
 0.357970 0.387901 0.254130
 0.374006 0.400171 0.225824
 0.132893 0.651596 0.215510
 0.400769 0.550471 0.048759
 0.015805 0.614248 0.369947
 0.354090 0.322776 0.323134
 0.318589 0.208852 0.472558
 0.456275 0.318735 0.224991
 0.640746 0.293697 0.065557
 0.097098 0.659706 0.243195
 0.383664 0.118003 0.498333
 0.267435 0.276359 0.456206
 0.534787 0.000082 0.465131
 0.120123 0.510769 0.369107
 0.727273 0.017917 0.254810
 0.385289 0.175253 0.439458
 0.076029 0.494728 0.429242
 0.607271 0.317261 0.075467
 0.469795 0.233827 0.296379
 0.242421 0.391164 0.366415
 0.149190 0.584132 0.266678
 0.305189 0.393846 0.300965
 0.354979 0.273042 0.371979
 0.542470 0.128772 0.328759
 0.049657 0.442824 0.507518
 0.442227 0.479853 0.077920
 0.321876 0.313857 0.364267
 0.442562 0.276415 0.281023
 0.260945 0.065951 0.673104
 0.196445 0.419061 0.384495
 0.397384 0.229555 0.373061
 0.501169 0.148125 0.350706
 0.160564 0.544198 0.295238
 0.200974 0.456886 0.342140
 0.235574 0.690737 0.073689
 0.262275 0.555561 0.182163
 0.327251 0.173416 0.499332
 0.409687 0.550128 0.040185
 0.360331 0.344157 0.295511
 0.090436 0.462763 0.446800
 0.706844 0.218005 0.075151
 0.122852 0.526059 0.351089
 0.357679 0.334653 0.307669
 0.401008 0.303013 0.295980
 0.117428 0.380303 0.502269
 0.406578 0.369280 0.224141
 0.428433 0.388392 0.183175
 0.211653 0.406902 0.381444
 0.027081 0.487047 0.485872
 0.329367 0.520799 0.149833
 0.190806 0.540402 0.268792
 0.209672 0.383672 0.406657
 0.294071 0.364422 0.341506
 0.541446 0.030171 0.428384
 0.264741 0.296053 0.439206
 0.126066 0.707530 0.166404
 0.330640 0.607239 0.062120
 0.439094 0.093125 0.467781
 0.370398 0.473939 0.155663
 0.548100 0.162535 0.289366
 0.545280 0.418630 0.036090
 0.494092 0.401083 0.104825
 0.195286 0.312068 0.492647
 0.559711 0.197123 0.243165
 0.517565 0.479319 0.003116
 0.319073 0.031836 0.649091
 0.362494 0.241112 0.396394
 0.348930 0.182346 0.468725
 0.432569 0.305045 0.262386
 0.188143 0.185888 0.625970
 0.120175 0.341474 0.538351
 0.272136 0.408771 0.319094
 0.265691 0.434454 0.299855
 0.128181 0.581692 0.290127
 0.493887 0.238918 0.267195
 0.583914 0.304750 0.111335
 0.090105 0.514304 0.395591
 0.202723 0.722146 0.075130
 0.600631 0.126305 0.273064
 0.273559 0.446279 0.280162
 0.671036 0.118504 0.210460
 0.402017 0.403516 0.194467
 0.297970 0.075699 0.626331
 0.349906 0.316855 0.333239
 0.356528 0.404544 0.238928
 0.402125 0.173074 0.424801
 0.371457 0.335237 0.293307
 0.285066 0.401797 0.313137
 0.304941 0.500780 0.194280
 0.319636 0.299296 0.381068
 0.280325 0.392050 0.327625
 0.298381 0.166963 0.534656
 0.272295 0.373720 0.353985
 0.180529 0.381281 0.438190
 0.501398 0.353120 0.145482
 0.341483 0.068818 0.589699
 0.494450 0.071832 0.433718
 0.053316 0.640961 0.305724
 0.263502 0.367825 0.368673
 0.328330 0.310015 0.361654
 0.260841 0.361285 0.377873
 0.726831 0.005834 0.267334
 0.650643 0.140918 0.208439
 0.330752 0.187395 0.481853
 0.525385 0.377803 0.096812
 0.374998 0.058809 0.566193
 0.707502 0.200256 0.092242
 0.361367 0.112828 0.525805
 0.427603 0.276747 0.295650
 0.099426 0.240694 0.659881
 0.274469 0.524847 0.200684
 0.410214 0.345348 0.244437
 0.077121 0.513126 0.409753
 0.046465 0.075717 0.877817
 0.516081 0.168402 0.315516
 0.007862 0.721799 0.270339
 0.455787 0.452323 0.091890
 0.345330 0.394629 0.260041
 0.393794 0.068382 0.537824
 0.362253 0.152539 0.485208
 0.198879 0.438434 0.362688
 0.500439 0.078774 0.420787
 0.500942 0.193373 0.305685
 0.227452 0.544510 0.228038
 0.265254 0.573057 0.161689
 0.411280 0.435367 0.153353
 0.309137 0.396803 0.294060
 0.436661 0.554239 0.009099
 0.350249 0.410954 0.238797
 0.498621 0.404605 0.096774
 0.066635 0.794727 0.138637
 0.330214 0.117113 0.552673
 0.011193 0.450714 0.538093
 0.161140 0.660070 0.178790
 0.016074 0.591706 0.392221
 0.383775 0.201995 0.414231
 0.364879 0.225393 0.409729
 0.427758 0.273764 0.298478
 0.417007 0.314688 0.268305
 0.318597 0.315351 0.366052
 0.034903 0.623093 0.342004
 0.376505 0.357274 0.266221
 0.276841 0.477144 0.246015
 0.150345 0.390669 0.458987
 0.394146 0.037549 0.568306
 0.537358 0.163006 0.299636
 0.661669 0.028980 0.309350
 0.204395 0.008041 0.787563
 0.063660 0.361435 0.574905
 0.392792 0.447488 0.159720
 0.191293 0.375967 0.432740
 0.311662 0.219599 0.468738
 0.381253 0.273586 0.345161
 0.228154 0.372523 0.399323
 0.011888 0.790715 0.197397
 0.197094 0.387984 0.414922
 0.282705 0.071448 0.645848
 0.305361 0.382621 0.312018
 0.076342 0.517077 0.406581
 0.523319 0.085973 0.390708
 0.446635 0.377059 0.176306
 0.066241 0.476574 0.457185
 0.293487 0.457737 0.248775
 0.202847 0.022989 0.774164
 0.325722 0.058018 0.616261
 0.035095 0.452749 0.512156
 0.625833 0.133345 0.240822
 0.118477 0.420145 0.461378
 0.359477 0.523644 0.116879
 0.087508 0.482312 0.430180
 0.116557 0.295095 0.588348
 0.220865 0.387298 0.391837
 0.565625 0.243603 0.190772
 0.268938 0.534788 0.196275
 0.452956 0.017337 0.529707
 0.104176 0.214430 0.681394
 0.611059 0.297878 0.091063
 0.452467 0.455884 0.091649
 0.140514 0.431166 0.428320
 0.682808 0.040984 0.276207
 0.204105 0.456732 0.339163
 0.331614 0.314907 0.353480
 0.137586 0.663755 0.198659
 0.507795 0.343889 0.148316
 0.593036 0.054107 0.352857
 0.463412 0.269685 0.266902
 0.409526 0.181513 0.408962
 0.004097 0.490073 0.505830
 0.732212 0.212912 0.054876
 0.368843 0.556792 0.074365
 0.598330 0.083920 0.317750
 0.524793 0.432728 0.042478
 0.314263 0.360466 0.325271
 0.134177 0.241604 0.624219
 0.483020 0.359900 0.157080
 0.307441 0.255341 0.437219
 0.290771 0.375804 0.333425
 0.604698 0.247575 0.147727
 0.325329 0.375559 0.299112
 0.118159 0.573456 0.308386
 0.351883 0.135501 0.512616
 0.390548 0.433988 0.175464
